140

4444444 xlv

comparativa, indicans Procentum

Ammon! neone! = mim = Δωθμὶ
in solutione aquosa, ponderis specifici designati.

Temperatura 16⁰ C.

Pment. Ρ44444. Prooent„ Pond. μ Ρ4444444. Pond. lProcent. Poud.
4444- 4444044 4444- ii 4444044 spec. Ῑ4444044Ϊ spec.

44 ’44444 Η 444 144444 44 44444 444 4444
444 144444 44 44444 444 444441 44 4444
44 44444 444 44444 44 [4444) 444 4444
444 444444 44 44444 444 φ44444 44 4444
so 44444 444 44444 44 44444 444 4444
444 44444 44 44444 444 44444 44 4444
44 44444 444 44444 44 Σ4444 444 4444
444 44444 44 44444 444 44444 44 4444
44 44444 444 44444 44 4444 444 4444
444 44444 44 44444 444 4444 44 4444
44 44444 444 44444 44 4444 44 4444 -
444 44444 44 44444 444 4444 4 4444
44 44444 444 44444 44 4444 44 4444
444 44444 44 44444 444 4444 4 4444
44 44444 444 44444 4ο 44441 44 4444
445 44444 44 44444 444 4444 4 4444
44 44444 444 44444 44 4444. 44 4444
444 44444 44 44444 444 44441 4 4444
44 44444 444 44444 44 4444 44 Ι 4444
444 44444 44 4444 444 4444 4 4444
44 44444 444 4444 44 4444 44 44 4
444 44444 44 4444 444 4444 4 44 4
44 44444 444 4444 44 4444 44 4444
444 ¹‚0778 44 4444 444 ’4444 4 4444
44 44444 444 4444 44 4444 44 4444

 

Pondus specificam solutionum minuitur calore singulis gradihus (=1¹¹c) aneto,
idem augetur (441444 singulis gradibus (=1'' c.) deminuto oontlnentium
Ammoni 4444441 41 td 52 Pron„ m'rciter 0‚0003
‚‚ „ 44 - 4ο ,, ,‚ 444444

,, 44 - 4ο ,, ,, 44444
,, ,, 11-20 „ „ 0,00015
,, ,, 5-10 „ ‚, 0‚00⁰1

 

