TABULA XXXI 6111

661611616ῑί16, indicans Proeentum

nan tal-turiei = Κιωῖ
in 6611161616 aquosis ponderis specifici designati.
Temporatm 1710 c.

' 11616111. 1661 praeeat 1611 meent 6611. X 1161661..1

11101 wee- Κ60,Τ 1116 Kaoff 1116 Kaoff¹

1161 1111 16 1111 111
1116 1116 111 1116 11
1111 , 1161 11 1166 111 .
1166 1161 111 1161 11
1166 , 1161 16 1166 161
1166 1161 111 1161 16
1111 , 1116 11 1161 61
, 1161 1116 111 1116 1
1116 , 1116 11 1111 11
1111 1116 111 1116 6
1166 , 1161 16 1111 11
1111 1116 161 1111 1
1116 , 1111 11 1116 11
1116 1116 161 1116 6
1116 , 1116 11 1111 11
1116 1111 ·111 1116 6
1111 , 1166 11 1116 11
1161 1161 161 1111 1 2
1161 161 1166 16 1166 11 ·
1166 16 1166 161 1166 1 1
v 1166 111 1161 16 1161 11
1166 11 1166 111 1166
1166 161 1161 11 1166
11611 16 1161Η 111 1161
16 1 1116 161 1111 11 1166,

1

‚ Ι

Pondus 6166116616 solutionum 611616σὶ1116Ιί6 gradibus (=1⁰ 0.) 16616, 1161111
minuitur 61 augetur, eontinentium

11161 tartaria 16-16 1161, circiter 61666
16 -16 ,, ,, 61666
16-16 ,, ,, 61661
16-16 ,, ,, 61161

1
11
1
61

 

