321

Tabulae X pars sem
..Fert sulfur. Magnes carb. Magnes. sulfur Natr. narb. Natr. 11111111.

:86 ''-
139
--123
:161

53
:11

ia.

carbonioa crystau-

i'rum
1 ono

1 43
sul fur- axj-hydr-

NaO,SO³
sulfur- eryst-

cambonio. cryst-
Nao,co ² -ι- 1 OHO

N atrum

ean-honio- anhydr-

Magnesia
uulturio- crystau -
Nao‚00 ²

Magnesia
eat-b onie- anh ydr-
Magnes

sulsussig. anhgdr.
ι

sulcat-ig? crystall-
Mg0,00 2:42
ι
suu-urie- anhydr-
MgO,SO³=-=60

FeO 80³ -f- ’7ῌο
ugo, 00² -Ι- 3H0=69

υαυ,5υ ³ -ι- z 1:10
M30,so 3 -Ι- ‘7 ΗΟ
-Νειὶτ,
Natr-
Natr-
NaO,SO³ -Ι-

5 1,110 3,121 0615 1652 1650 2661 1,192 3,211 1,,5913622
3 1,111 3,111 0619 1659 16356 26180 16191 3632 1,6,013638
2 1,125 3,155 0,953 1666 16362 26192 1,203 3,216 16113651
1 1,132 3,169 0,951 166513,1368 2601 1,208 36260 16183611
9 1,110 36183 0662 1680 1611 26811 16213 361116263681
8 1,118 36191 9‚966 16581 1680 2629 1,219 36289 l,9333,4794
6 16155 3,211 0610 16591 16386 2611 1,221 3603 1610 3,110
5 1,168 3621 0611 1600 16392 2651 1,229 3611 1666113135
1 1,110 36238 0618 1601 16398 26866 16235 36332 1666513151
2 1,118 3652 0683 16611 16101 2618 16210 3616 16613661
11161186 3666 0681 1621 16110 2690 16215 3660 16683183
9 1,193 3680 0691 1628 1,116 2603 16250 3615 1,,6153199
8 1601 3691 0695 166356 1,122 2615 16256 ³:¹43ae 6616823615
1 16808 3608 0699 1612116128 26021 16261 3,103 Ι1668911632
5 Ῑ,816 3622 1601 1619 16131 26910 1,266 3666111416913818
1 16821 3636 1608 16656 16110 2652 16212 3132 11013861
2 1631 36350 1612 16683 16116 2661 16211 3,146 16113680
1 1639 3663 1,016 16610 16152 2616 16282 3,160 1661183896
0 16816 3611 1620 1616 16158 26989 16288 36115 1,1253612
8 16851 3691 1,025 16683 16161 3601 16293 3,,189 1,1323628
1 1662 3,105 1629 1600 1,110 3613 1,298 3603 1661393911
5 16869 3,119 1633 1691 16116 36026 16301 3618 161163660
1 1611 36133 1631 16101 16182 36038 1609 3632 1,15336916
3 16881 3,111 1611 1,111 1,188 36050 16311 3616 1611103603
l 1692 36161 1616 1,118 16191 3663 1619 3660 16,1681009
94:444 4444 4:444 444 4:444 444 44344414349
1Ι 1615 3602 1658 1,139 1612 3,100 1635 3603 1,,1891051
6 1622 3616 1662 16116 16518 36112 1611 36618 1611161613
1 1630 3630 1661 16153 16521 36121 16310 3632 16031689
3 1638 36511 l,97l 16160 16530 3,130 1651 3616 16101605
1 1615 3658 16015 16161 1636 3,119 1651 3661 161116121
1 1653 361512 1619 1,111 1612 3,161 16362 3615 16211631
1 1660 3686 1683 1,181 1618 3,113 16361 3689 16311651
1 1668 36600 1688 1,188 1651 36186 1612 3,103 16391,Πο
5 1616 36614 1692 1,191 1660 ’3198 1618 36118 1668161186
1 1683 3628 1696 1601 1606 3610 1683 3,132 1,,8531202
1 1691 36611 1,100 1608 1612 3623 1688 3,116 1668601218
l 4,998 3655 1,104 1611 1618 :42³5 16391 3,761 16611631
1 26006 3609 16109 1621 1681 3611 1690 3,115 1811116250
1 2611 3683 1,113 1628 1690 3659 1,101 3,189 1668811266
1 2621 3691 1,111 16835 1696 3612 16110 36801 1668884282
1 1,111 ³,7ss 1,111 1611 1,1111 3111 1,111 3'818 1661951191
1 2636 3,125 1,125 1619 1608 3696 16120 3632 16021615
12611 3,139 16130 1656 1611 3609161211 3,81616,69101331
1 2652 3,153 16131Ι 1663 1620 3621 1,131 3661 1691111611

 

