'rabulae XII pars alten.

la
Magnesia carboniea
:69

a

c ryng-u

„20?<¹L-02.⁴f⁸i=0

:a

, crystall .

mgoff<¹202÷3no=69

ugo‚2co2———64
magnesia. czssrbonioa
ΠΕΟ-,003342
gn‘es “
bicarbonlca
ng,ggo²=64

ngo‚2co &64
- 'Baga eain. carboni&

Mna-nasia σει-δοκήσει
- ugo,co²:=42

ugo,co &42

10130300 ²:64

Magn-esna

'stoan—bonnm

agnesia cat-b. crystall

MgO,CO²-{- 3HO=69
agnesia earb- crystall-
bicarb on ί ca
MgO,CO ²:42

ugo, CO ² -Ι- 3ΗΟ
a

Ἦ

1

0000 0000 00003 0000 000010,οο0 0000 0000 0000 0000 0000 0000
0000 0000 0000Ι 0000 0000 0000 0000 0050 0050 0005 0080 030
0000 0000 0000 0000 00000000 0000 0050 0050 0000 0000 0000
0000 0000 0000 0000 00000000 0000 00000000

0000 0000 0000 0000 00000000 0000 0050 0000 0000 0000 0000
0000 0000 0000 0000 00000000 0000 00000000 0000 0000 0000
0005 0000 0000 0000 00000οι5 0000 0000 0000 0000 0000 0000
3333 0000 0000 0000 0000 0000 0000 0000 0005 ,

3158 0000 0000 0000 00000000 0000 0000 0000 ,

0339 0000 0000 0000 0000 0000 0000 00000000 ,

3160 0000 0000, 0000 00000000 0000 00000000 ,

0361 0000 0000ἰ 0000 00000000 0050 00000000 ,

m 3005 0000- 0000 0005 0000 0000 0000 0000 , ,

3163 0,300 0000 0000 00000000 0000 00000000

, ,03 000οἱ 0000 0000 0000 0000 0000 0000

0000 000. 0000 0000 0000 0005 0000 00000000 0000 0000 0000
0065 0000 0000Ι 0000 0000 0000 0000 0000 0055 0300 0196 0113
0000 0000 0000 0000 00000000 0050 0000 0000 0000 0000 00οι
0050 0000 0000 0000 0000 0000 0000 00000000 0000 0000 0000
0000 0000 0000 0000 0000 0000 0000 0000 0000 0000 0000 0000
0000 0000 0000Ι 0000 0000 0000 0000 0000 0000 0000 0000 0000
0000 0003 0000 0005 0000 0000 0000 0000 0000 0000 0000 0000
0000 0000 0000 0000 00000000 0000 00000000 0000 0500 0000
0000 0000 0000 0000 0000 0000 0000 0000 0000 0000 0000 0000
0000 0000 0000 0000 0000 0005 0000 0000 0000 ’0,000 0000 0000
0000 0000 0000Ι 0000 00000000 0000 0000 0000 0000 0000 0000
0005 0005 0000 0000 0000300000 0005 0000 0005 0000 00000,οι0
(3133 0005 0000 0000 0005 0000 0000 00000000 0000 0000 5000
‚¹⁷8 0006 0003 0030 0005 0000 0000 00050000 0000 0000 0000
3319 0003 0033 0000 00000000 0000 00000000 0000 0000 0000
0380 3338 3393. 3333 0001 0003 0000 0000 0000 0000 0050 0000
0383 03180335, 0326 00030000 0000 00000000 0000 0000 000
, , , ,Ι , 000οΙ0000 0000 0000 0000 00,οο 05000000
3333 33333 30333 33333 00000300 0000 00000003 1000 00000000
’84 330 33, ,¹ ¹0,1490‚.45 0000 00000000 00,οο 00050000
0‚185 ‚¹ ,130 022⁹ ,01500040 0000 0000 0000 0000 05000000
00 0000 0000, 0000 00050 0000 0005 00000000 0000 00000000
0000 0000 00003 0000 00500000 0000 00000000 05,οο 00000000
0000 0000 00000 0000 300500 0050 0000 0000 0000 0000 00000000
0033 0123 00000 0000 ἶ00503 0050 0000 ,00000000 0000 00000000
00 0000 000ος0 0000 0050 0050 0000 0000 0000 00,οο 00000000
0000 00000000, 0005 00500000 0000 0000 0000 0000 00000000

0000 0000000053 0000 Ι00500000 0000 0000 0000 0000 0000 0000
0000 00000000 0000 00050050 02⁸2 0005 0000 .
0193 012600208110230 0000500000 0000 0οζ000οζ000 j· '

‘mm

 

