valeat-1-
-ultu rie-
n uby-Ira

Ca0‚s›0³

0,000
0000
0000
0,000
0,000
0,000
· 0000
0,000
0000
0,000
0,000
0,000
0,000
0,000
0,000
0,000

Calcaria saltarit-‚a

Additamenta

Tabulam X supplentia

cao,s{>¹3⁷‡“2⁸¹131·0=86

0,0012
00000
0,0000
0,0000
0,0000
00000
00000
0000
0000
0000
0,000
0000
0,000
0,000
00000
00000

antrat-fle-
anhydrum

0,001
0000
0,000
0000
0,000
0,000
0,000
0,000
0000
0000
0000
0,000
0,000
0,000
0,000
0,000

Ὲεο-ὶςςοτν-Ξτ 6

Fert-tim sautu-lcum

:139
Ι-

crystau-
FeO, SO ³ —4- ΗΟ

00000
0,0000
‚ 0,0000
0,0000
00000
0οι00
00000
0000
0000
0,000
0000
0000
00000
00000
00000
00000

earn-onie·
{tt-hyda·-

0000
0000
0000
0000
0,000
0,000
0000
0000
0000
0000
0000
0,000
0,000

42

ugo,co²

Magnesia carbonioa
crystall- -
HgO,GO² -ι- 31³0 :69

0,0000
00000
00000
00000
00000
0,0000
0,οιιο
0000
0000
0000
0000
0000 ·
0000

0,000 00000
0,000 00000
0,000 00000

10,000 12,641 1000018290 10,000 110428

m
Ν
κ

Maxu-esna

sul tux-lea
-nhydra

Μεθ’ SO 3*·=(3()-⁴

Magnesia sulfurica
crystall-
Mg0‚SO³ —i- 7130

0000 ,
0000 ,
0,000 ,

0004
0,005
0,000
0,001
1,000
0000
3000
4000
5 0 00

0,010
0,012
0, 014Ι
2,050
4,100
6,150
8,200
10 ,250

ean-bonicum

anhydr-

:5 :3

Na‘D-’S-'O

crystau-

Natrum cal-bonicum
NaO,CO2 —ff- 1 OHO= 1 43

00000
00004

, 0 0,0000
2 00000,
00000·

0 005
0000
0, 001
l 0,00
2000
3000
4 ,000
5 ,000

0,0162,
0,0189“
2,100Ι
5:¹44)
8, 000
10 ’5804
13, 5001

Natu-uiua

uulturio-nm
anhydr-

NaO‚SO³

—7 1

cry-stau.

Natrum sulfuri
NaO,So⁸—{- 1 0110 1 1

0,001 ,

0,002
0,003
0,004
0,005
0, 006
0 ,001
1,000
2 ,0οο0
3 000
4, 000

00000
00000
0,00οι
00000
00000
0,0000
0000
4, 000
0000
0000

5,000 11,338

6,000 12,300 6,(000 1611200
1,000 14,350 1,000 18,900
8,000 10400 8,000 21,600
9,000 18450 9,000 24 300
10,000 20 500 10000 21000

0,000 00000
0000 00000
0,000 000οι
0,000 00000
00000 00000

 

