'l'3bul33 lx 3333 212222.

71
3:¹⁷⁴.

ι 33 ,9
calcium chloratnm

³=

lunt-gne nl·
‘illelo-

ΚειΙί studeam
3 Kao,2sto⁸=23 1
K⁸O‚SO ’.τ-87
ΚασιΞ-ι· -2 , 5
Nan-nm sfilrtirieuu]
NaO,SO³
fiat-fiunti cineratum
Nacl=58,5
ὂ-ιοῑι r· 'a'
cacl=5 5,5
3MgO‚2SiO³= 1 50
Mgcl——47 ‚5

Natu-um silicie-am
Al ²01

3N20,2sxo⁸=1 83
Alumina uultus-ie-

A1²0⁸,3SO³=1 71,4
Kanum chion-atum

Hagno-ium ‹ahlou-at..

Aluussniumohloratnm
--- kall sulfuricnm

3020, 2 sug>

2222 2222 2222 2,222’ 2222 2,,22212222 2222 2222 2222 2222 2222
2222 21222 2222 21222, 2222 2222 21222 21222 2222 21222. 21222 21222
2222 21222 2222 21222 2222 21;222 2222 2222 2222 21222 2122221222
21222 21222 21222 2222 2222 22222 2222 2,,2222222 21222 2222 2222
21222 21222 21222 2222 2222 2222 21222 21;’2221 3 333 21222 21222 21222
21222 221222 2222 Ι12222 21222 2, 2’222 2222 2122221222 21222 22222 ,222
,222 21222 212221212221 21222 21122212222 2222 21222 22222 2222 21222
2222 21222 2222 222212 222 3 333 3 222 2222 21222 3 333 2222 21222
2222 2222 2222 22221 2222 21222 21222 2222 21222 21222 2222 2222
2222 21222 2222 2222121222 212221212222222 2222 21222 2222 22222
2222 2222 221222 222212222 2 22212222 2222 21222 212221’ 22222 2222
2222 21222 2222 22222 2222 2222 2222 221222 2222 21222 21222 2222
21222 21222 21222 211’22212222 2222 21222 21122212222’ 2222 21222 2222
2222 2222 21222121222121222’ 2 222 3 333 21222 2222 21222 221222 2222
mmmmmmmmmmmm
2222 2222 2222 2222 2222 22222 2222 2222212222 21222 2222 2222
‚333 2222 2222· 21222 21222 21222 212222 2, ’222Ι 2222 2112212222 2222
0333 21222 21·222 21222212222122221212121222Γ22222 21222 21222 21222
,222 2222 21222 2222 21222 2222 2222 21222 2222 2222 21222 21222
,222 2222 2222 2222 2222 2,,222 2222 21222 21222 21222 21222 21222
22222 21222 2222 2222 21222 21222121222 2222 21222 2122221222 21222
2222 21222 21222 2222 21222 2222Ι 2222 21222 21222 2222 21222 21222
11222 21222 2222 2222 21222 21222 21222 21222 21222 21222 21222 21222
2222 21222 222212222 2222 21222 2122221222 21222 21222 2222 21222
2222 21222 211222 2222 2122221222 2222221222 21222 21222 21222 21222
21222 2222 2222 2222 2222 21222 212222 21222 21222 2122221222 2222
21222 21222 21222 2122221222 21222 22222 2222 21222 2122221222 21222
2222 21222 2222 21222 21222 21222 21122212 222 21222 2222 21222 2222
21222 2222 21222 2222 21222 21222 2222221222 2222 2222 21222 21222
,222 21222 21222 2222 21222 2222 21222Ι 21222 21222 3 222 21222 2222
,222 21222 21222 21222 221222 221222 21222 221222 3 333 212222 2122221222
21222 21222 21222 21222 22 222 21222 2222 21222 2222 21222 2122221222
Ι2222 21222 21222 2222 21222 21222 21222, 21222 21222 21222 21222 21·222
2222 21222 21222 221222 2222 21222 2122212222 22222 3333 21222 21222
21222 21222 21222 2222 2222, 2 222 3 333 21222 21222 22222 22222222
01226 21222 212222 21222 2222121222 2222122222 2122212222 21222 2222
21222 21222 21222 22 222 2222121222 21222 21222 21222 22222 21222 21222
21222 21222 2222 2222 2222212222 2122221222 21222 21222 21222 21222
21222 21222 21222 21222 212221 2222 2 222 3 333 2222 21222 21222 21222
21222 21222 21222 21222 2222122222 21222 21222 2222 21222 21222 2222
21222 21222 21222 222211222“212222212222122221222 21222 2122221222
21222 21222 21222 21222 2222 2122221222 21222 21222 21222 21222 ,2222
21222 21222 2 222 2 222 21222 21222 22 222 2 333 21222 2 222 22 222 222222
2222 21222 21222 2222121222 21222 21222 21222 21222 21222 2222 221222
21222 21222 21222 2, ··222 2222 2122222 3 333 21222 21222 2222 22 333 22222
2222 21222 21222 212222121222’ 2222 21222 21222 212222 21222 21222 2222
21222 2222 2222 2222122222 21222 2222221222 21222 2222 21222 21222
21222 21222 21222 212122212222 21222 21222 21222 21222 2222 21222 2222

 

 

