³01

Tubulus Vl μη ulum.

 

     

          

  
   

,1 ξ-ιξαῖωέςῚῇἒμξ-εΞ-ιέἓ ,ἢέξ
11 1110ῑέἣὲῑῖὲρ 111
11 135111ὶέἓέ ¹2⁵2 2 = 11

20 z ²² z 3 0 = ς z

   

            

       
      

    

0151 0500 0511 0171 0110 0510 0141 0111 0111 01114
1 0155 0514 0111 0410 0110 0515 0147 0111 0101 0110 ,
³⁰0. 01400510 0551 0500 0370 0540 0151 0141 0110 0111 ,
¹⁷ 01410541 0540 0511 0151 0555 0155 015101050111 ,
01410551 0140 0511 01οι 0570 0151 0151 0111 0111 ,
01510573 0051 0541 0101 0515 0151 0115 0115 0101
¹⁰ ‘nummus 07101 01550 0411 0100 0111 0171 Qun 01417
01110 01101 0177 0570 0411 0015 0171 0171 0117 0140
*⁷ 011110οι1 0515 0510 0451 0ωο 0175 0115 0115 0151 ,
, 'humus-1¹ 0115 05117 0141 0515 0110 0101 0110 0151 .

           
        
  
   
      

0,171 0141 0404 0011 0450 0150 0114 0100 mu 0114 ,10

0,175 0551 0114 0515 041111 0575 0119 0100 0141 0170 ,

ῠ.ι711 01171 0110 0550 0170 0000 0115 1011130155 0171 ,
⁰. 1110101 0411 01151 0414 0705 0117 1051010100 0111 ,
⁰. 117 0705 0441 0007 0414 0710 0101 0115 0111 0111 ,
⁰, 111 0710 0150 0011 0504 0735 0105 0111 0171 0114 ·
⁰. 105 0715 01110 0105 0515 0750 0110 0340 0117 0100 ,
⁰ ,110 0740 04110 0700 0515 0715 0114 ,1411 0111 0101
”aun 0751 0475 0711 0505 0710 0111 03511 0111 0111 ,
Onus 0770 0417 0730 0515 0705 0111 0510 0104 0311 ,
ὒ.110 0703 01110 07 0551 0110 0115 0517 0111 0114 ,
ῡ.114 0100 οζ501 0734410515 0115 0111 0174 0105 0110 ,
0,111 0113 0515 0771 0571 0140 nasa 0110 0110 0355
mm 0131, 0514 0701 0517 0555 0110 0517 0510 0141 ,

'³ 0110 0151 0551 0101 0517 0570 0141 0104 0011 0141 ,
*mn ⁰.⁸⁶⁷= 0511 0110 0007 0115 0117 0401 0117 0154 .
0104 0111] 0551 0114 01110000 0151 0401 0003 0310 ,
11· naas 0110 0511 0111 0111 0015 01510410 0331 oasa ‚
θ· 0141 01111 0570 0151 oms 0010 0110 0411 0144 0371 ,
³⁰ 0145 0011, 0570 0171 0540 0045 01140411 omo 0371 .
0140 01401 0511 0111 0151 0,κο 0111 0415 01410014 ,
fin 0151 0955 05111 0101 ,m 0075 ,170 0441 0510 0110
‘a 0157 00711 0107 0017 0470 0000 0177 0411 01151 01011
1 01110115 0411 0οῑ11 0411001105 0111 0455 01710101 ,
7 0105700110 0115 0115 0700 0010 0115 0411 0077 0401
0100 0014 0554 01451 0710 uuas 0110 0410 0111 0414 ,
01711 0010 0144 0170 0711 msa 01111 0170 01110 410
1 0.17711,043’ 0550 0017 0701 0015 0111110411 01114 0111 ,
0110 00511 0001 nmo 0711 0010 ,10110410 0100 0151

 

       

 

          
       
         
      

 

                  
  

01100071 0571 1,014 0751 mm 0501 0405 0405 0411 ,
01110017 0000 00110701 011001100501 ,410 0444 ,
01110101 0010 0011077101150115 0510 ,4110450 ,
navem 171 0100 0051 0711 0110 0110 0515 0111 01511 ,·
0100101111 0705 0070 0711 0155 0015 0515 0417 0411 ,
0111410145 0717 01114 0101 0170 0117 0500 0411 0411 ,
0101101411 0711 1,οπ 01131 105 n 15105170451 0,-174 ,

 

 

0111 0171 0751 0111 0114 4ζ100 01100544 0444 0410
1111111111 11111 1111111110111100111111Μ

 

 

 

 

 

 

 

