Tabulae V 0444 quarta„ 82⁶

Fert. sulfur. Magnemarb. Magnes. sulfur. Natr. 044444. Natr. 04414444.ο

139
123
161

76
53
10110

Magnesia

carbonica oryx-stau-
=7 1

anhydr.
Θεία

e- oryst all -
sulfur- cryet.

Ferrum

sulfuri
Fe0,SO³ -Ι- ’7Ηο
flatrum

carbonie- anhydr-

2143
r- sulfur- an hydr.

⁴ ls'erruu'x
NaO,SO³

sulfurio-

Magnesia.
§ultan-ie- crystan-

Magnesia
MgO,CO 22:42
MgO,SO³-=—60

carbonio. anhydr-
Mign

sulfurie. anhydr.
>1299OE
Ναῒς- eat-honio- ‹xx-yet-

1·'e0‚SO³
ιειςοᾼϊο2 -ι- 3H0=69

MgO,SO³ -ι- ’7Ηο
Nao‚co² —{-
Nat
Natr-
NaO,SO³ -ι- 1 01:10

0000 4044000οο 0004 0400 4044 0004 0001000004οο
0003 00040004 0040 0404 4040-0000 400400044040
4040 4040 0000 0044 0400 4000 0404 0940094409
0040 4044 0044 0044 0004 4040 0440 09444Ἶο944004
4040 4040 0044 0034 0040 4060 0444 4994 0948 0449
0003 4000 0044 0000 0044 4040 0440 0040000004000
0044 000440040 0040 0044 4000 0440 4000004440οο
4040 4040 0040 0004 0040 04494 0494 0949009490444
4000 0004 0003 0000 0004 0440 0499 0984 0984 0439
4004 4040 0000 0004 0040 0444 0444 0994 0994 0444
4044 0000 0004 0043 0040 0404ςο444 4040 4004 0440
4040 0040 0000 0040 0004 04440404 4000 40000404
4004 4004 0004 0000 0000 0400 0400 4040 4040 4004
4004 4004 0004 0003 0004 0444 0443 4000 40444040
0404 4040 0000 4000 0040 0400 0440 4043 0040 4034
0400 4040 0040 4004 0040 0400 0443 0989 09360349
0444 4040 0044 4044 0004 4000 0440 0404 40404000
0444 4004 0044 4044 0000 4040 0404 0440 40004000
0434 4044 0040 004000004 4000 0400 0400 40004000
0440 4000 0000 040οι0000 4040400400 0440 40400440
0444 4000 0004 4044000044 40040 044444 4449 40440404
0400 0444 0030 004000044 4000, 0000 0440 04404044
0404 0440040044 4000 0040 4004 0044 0400 0440000400
0440 0440 0040 0043 0044 4004 0040 0404 00004040
0440 40040004 4040Ι 0000 4000 0044 4040 0400 0400
0400 040οξ0000 4044 0000 0040 0040 4004 04044οι4
0403 04041 0000 0004 0044 0004 0004 0440 04444044
0400 400οῘ 0440 4004 0040 0040 0004 0400 0444 4044
0400 044οέ 0044 0000 0004 0004 0044 4040 044οΙ4000
0440 04400044 04040000 0040000404030 04004040
0440 0400 0040 0444 0040 0000οΙ0000 4004 04404004
0404 0404 0000 0440 0044 40000000 4040 04044000

0400 0400 0004 0444 004οΙ 4040000444 4034 04544044

0440 4049 0000 0434 0004 4044400400 0340 04044040
0404 4004 0003 0440 0000 4040008441 ’94359 0971094849
44404 4304 0004 4440 0000Ι 4044 0040 4044 44400000
’0443 4ζο44 0404 0404 0004 4ζο04 0084 ’0998 0485 41688
0440 4030 0400 040οῑ 4000 4000 4000 4044 0ιο04004
4034 2:333 3:2¹3 0ῗὲ 4343 3:33? 3:33? 3:23? {1333}ssss
04004044 0440 0400 0040 0400 0004 4040 04444003
44ῗέἐῇῧὲ 3ςῖξέ 0434 43ἓὲ ξςῖὲὲ 3ςὲῗὲ {332 5:33ss ἓξὲξ
0044 0440 0400 0400 4044 0440 0044 0480 04004004
0430 0404 0400 0404 4000 4004 0044 {ff {gwy
0000000000

 

