’3333333433 11 334333 alten.

Bar-yum
eluctatum Ἡδὲ.
roncinum
carbon-loa
Sr0,co ²=7 3,8
m

8⁸01 -Ι- 2 ΗΟ
Stronfiana

nan-yta-
ean-b onie-
BaO‚CO ²=9 8 , 5
Bnryta hicat-boniet·
Bao,200²——.—1 20‚5
b icat-boniet..
Sr0,200 2——9 5,8
stol = ’7 9, 3
Nntrum
bicarbonieum
N⁸O‚no,2co ²:84
ffigfxcffb-z‘sszss·

Stronflum chloratu

-Τ-ο-ο-Ἶ-ΤΤ-Ἶ-Γ

3333 3343 3343 33333 ι 3333 333333 3333 33333
3333 3343 3343 33333 333333 οξοοο 3333 33333
3333 3343 3343 3333 33333 3334 3333 ὀξοοιο
3343 3343 3343 3333 ·ο,333 33333 3334 33333
3343 3333 ο,ο3ο 33333 ο,ο4ο 3333 οξοοο 33333
3343 3334 3333 3334 ’3,344 οξ3333 οξοοο οξ3343
3343 3333 3333 3333 3343 οξτοοο 3333 33ξ3333
3344 3334 3334 3333 3343 3333 οξο33 οξοοοο
3343 3333 33333 33333 3344 3333 3333 οξ3343
· ο,ο4ο 3333 3333 3334 33443 οξ333 οξοοο οξ3343
3343 3333 3333 3333 ο,ο43 οξ3333 3343 οξ3333
3343 3333 3333 3333 3343 οξοοο 3343 οξ3333
3343 3333 33333 33333 3343 οξοοο ,
ο33ο 3334 3333 3333 3343 3343
οξοο4 3ξοο3 3333 3333 3343 3343

οξοοο 3333 3334 3333 3333 3343
οξ333 3333 3333 33333 ο,ο34 33433
οξ334 3ξ333 3333 3343 3333 3343 ,
οξο33 3333 3333 3343 33333 3344 ,
3333 οξοοο 3333 3343 3334 3343 ,
ο,ο33 3333 33333 33433 33333 3343 ,
3333 3333 3334 3343 3333 οξο4ο3 ,
3333 3334 33333 3344 3333 οξοοο
3333 3333 3334 3343 3333 ι3,343 ο 333
,οοι 3334 3333 33433 3333 οξοοο 33 333

3 ,3333

33333336
0 ,3333
3 ,33333
3 ,3333
3’ 33333
3 ,33333
3 ,3333
3, 3333
33, 33343
3, 33333

3333 3333 3333 3343 3333 3 333 3οξ333
3333 3333 3333 3343 3333 3ξ33333 3334
3334 3333 3333 3343 3333 3,.333 ο 334
3333 3333 3333 33433 3333 οξοοο· 3333
3333 3333 3334 3343 3334 οξο33 33 3333

3338 3333 3334 3333 3333 33 3348 33333
3333 3334 3333 33333 33333 οξόοο οξ333
3333 3335 3386 33333 3338 οξοοο 33 33333

33 :0356
33, 3)3“ ι 3

ο,ο34 3333 3333 3333 33333 οξο33 33333 ”””’

3333 3333 3333 3334 3333 3333 ιι 334
33333 3333 3333 33343 3334 33338 33 333
3334 3333 3334 3333 3333 3333 οξοοο
3333 3333 3333 3333 3333 33333 33 334
3333 3333 33334 3333 3334 33 334 ιο 333
ο,333 3334 3333 33333 3333 3333 οξοοο
3333 3333 3333 33333 3333 οξοοοο 33333
3333 , 3333 3333 ,3,33· 3333 33333 333343

3, 43383
33 ,33383
33, 3333
33 ,33333

33333433
33, ’334333
33 ,33313
33, 33333

3333 , 3333 3333 3333 3ξ334 ο 333 οξοοοο
3334 , ο,ιοο 33333 3333 οξοο3 Ιοξοοο 333433
3333 33 οοο ’3 3333 333444
3334 οξοοι ’3ξο34 33443
33333 οξοοοι ι 33333 οξο433

3333 , ο,334 οξοοι
3333 3333 οξοοο
m 3334 οξοο3

3333 3333 33333 3333 3333 3ξ334 3333 ,333Ι

Q

 

