xxxvi Pyrmouu Triukquellu.

111011 Ἢ)

mins) ¹ ‘'⁰'‘ :unum 50 1131111111 Luem

1111111. liquidi 175,5 5305 Grm 87,7 175,5
1311111111 liquidi 13,1 303 , 00 100
ijoduti 11111 00010 0,,,005 00008 00010
111111111 liquidi 003 ’.1027 ., 0045 003
,131111111111 00158 0047 .. 0008 0010
111111111 liquidi 0334 3 , 1,0
1111 11111111 liquidi 0103 03 ,- , 00
phosphorliquidi 017 00 1 017

i'liloruysuliquidi 0,31 1 011 uu
0111111131111111111 0148 044 057 015

uesiueuuliur liquid 5208 15804 264‚4 0308 .
1111111111111111101 0107 00 , 008 010
111111311 liquidi 14000 444 ,. 700 1400
ffie 1111111111 333 133 , 441 333
11113131111111113 003 133 ,, 301 003

111111111111 11111 04485 0345, 0124 05
ῖ1111111111131111. 1030 4017 , 07 104

Uesulum 13311 113311’,41411,3 133301

131111111 volu.
11. 811111ηο111 111111111111111.

———-

XXXVII. 8110111111. Β111111113111.

dim) · 23ξέζο :mo uouuermoouuem

11111111 31111 Grau. 807 1734 (im. 1802 3705
1111111111 liquidi „ 4100 8333 , 3001 18000
1111111111 liquidi „ 13705 3340 ., 4200 8000
1111111111 sicci „ 1101 1401, 131 301

113111 1111111111 liquid „ 34331 08782 ., 74000143200
111111311 liquidi , 753 1018 , 1007 3300
” 31111111111111 11331, 204 528 , 57,3 1100

131111111111111111 ,, 1 2 , 02 043
1311111111 11131. ,. 05 10 ., 00 02

1·“1111111111,131341 311313 , 411301 313301

1 1111111111 111105.
lu. saepefatum 11 11111111111111111111.

—-———-—

 

