’44111141 VH 11441 quma

atrum carbunicam
84

Κ ⁸11 carbon-'nien m

Natu-um bicarbonie.

’=Gss

nilion-,um

3Na0,2SiO⁸.—=183
305>

Aen-nu nn
οἱ, leion-
simun—i
siccum
⁸³¹0ch 2=5 3

siot——245
siccum

N atrum
Kali silioicum
3Ka0‚2 SiO 3———23 1
1101—
Aeidum sul fun-icum
Natu-iuml ch-lorfiztum
o t
Kanum ahlou-atum
Kacl=7 4 , 5
Nao‚2co·.no
K-o.co

Aciduin hyan-odino}-

Ι. S
‚ ³

. 1 . z . Ι
14141 11411 1114 11111 1114 1141Ι 1114 14111 1141Ι 1414111111114
1411111411 11111 11111 1111 1114111111 1411 1111 14111141111111
14411114 1141 1111 1111 11114 1111 1441 1141111444 14411111
1441111111 1111 1114-11114 1111 1144 1441 11111 1144 14141141
14411 111111 11111 1111 1111 1111111111 1415 1111111414441411141
1441- 1144 11111 1144 1144 1111 11111 1444 1111. 1111 1411414111
1414 1111 1111 1141 1111, 1144 1111 1414 1144111111 14111111
1411 1114 1111 1141 1111 111411 11141 1411 1411411 111141 44411111
1411 1111 1144 1114 1514 1111111114 1441 1111111111 14411114
1441 11111 1114 1111 1111 1111111111 1441 1111111441 14411114
1444 1114 1111 1111 11114 11111, 1111 1414 1114111411 14411141
1441 1111 1141 1141 111111. 11111111 1411 1411111114111141
1411 1111 1111 1111 1111 111111 1141 1111 111114111141111111
1411 1141 11114 1111 1114 11114 1111 1111 1441· 11111114114144
1451 1141 1441 1154 111111 1141 1111 1144· 1114 1,1111“4,4111,1111
1111 1111 11111 1111 1114 111111 11115 1111 1111- 1111 1411 411111
1414 1111 1111 1114 1111 1111Ι 1111 1111. 1141 1111 1411111111
1411 1141 1111 1111 1141 1111111111 1141. 4114. 1141114141141
1411 1111 4,·411 11111 11144 11111 ,114 11511 11114 114111411114

1411 1114 1,·411 1571 11441, 1444 31141 1111 111411 1114114411114
1444 11141 14111 11411Ι 1114 1441 1144 11441 1144 1114 1114411141

 

1414 1111 1444 1111111111. 1141111111 1111 1114 1144 11111411
1411 1141 1414 11111141 1111 1111 1114 1114 111111441111
1411 1114 1411111141 11144. 1144111141 11111 1411 11144111141411
14111 11111 1441 1111 1141 11111 1141 14111 1411 1111. 14111111
1411111114 1411 1111111414 1111111111 14111 1414 11.11414,4111,444
14141 1111 1411 11111, 111111Ι 1111Ι 1151 1441 4441 111111111111
14111 1111 1411 1111111111 1141111111 1441 1441 1114 11111141
14111 1114 1441111111111111, 1114 1111 1444 1411 111111141111
1111 11111 14114 111111· 1111Ι 111111141 1411 1444 1115 14141114
1114 1141 1411 11111 1114· 1114 1114 1411 1411 1111 14111111
111τὶ 11111 11111 11111 111411Ι 1411 1111 1441 1411 111114111111
11111 11141 11111 1141-11411 14111 1114· 1441 14111 11111 14411114
11111 11141· 1141 1114411114 1411 11111, 1411 1414 1,111111,4111.111
1111 11411 1144 1114441111. 1441 11111 1411 1411 11111 14441411
1111Ι 11111 1114 1111Ι 11141 1441 11114 11111 14111114 14511111
1144, 11111 11111,1111111111 1411· 1111 1511 141111 1144 14111411
1141ι 1114 1,;114,11,111.141111 1444 1141 1144 1111111141 14411414
11411 1111 1411 1114141141 1441 11141 1111 1111 1114 14111414
1111· 11141 111111114111411, 1411 1111 11411 1111 111114111441
1114 111111 1111111111 1114- 1411 11111 1541 1141 114114111441
1114Ι 111141 1111 1111 11111, 14411 11141 1114 1111 114115111411
11111 11111 1111 1114 14411 1411 1111111511 1111 111411141444
1141 1114 1111 1111111 1444 14111 11111. 1144 1141 1,1111,14111,441
114111 1111 14111 11114111411 14141 111114 1111 1111 111111411451
11414 14111 14111Ι 11111414 1411 1111 1114 1111 11111 11141414
1114 11441 14444 11144 11311 1316 1146 111111 11111 11141 11451441
1111 1441 1141 1111Ι 11411 1111

1111 11141 1411 1141111411 1320 ¹⁵⁰⁸² ¹’⁰⁰⁹ ¹³⁷⁸ 01981111111411

1111 1141 1111111111141444

 

