'rabulae vn 1111111 sexta.

1

Nat-rum hiesu-boma

23 1
Nao,2co ²,1—10=84

sincicum
5 :3

Natrium ahlou-atum

3——37 1
74‚5
=69

—9-- ,-

:5²5 -
Ξ-Ιι

sincicum

axao‚2SiO³
suumn-icum

Kao‚so=⁴=87

siecum
H clf-:3 6—‚5

’ incidam· sulfuricia‘m
succum

meeum

Aeldum
‘filiole-nm
δί’-33
- ,303
Nata-um salma-ioum
NaO,So
nael-:555
Kacl
Nat-fum- carbonle‘u’m
Nssochff
11:⁸0.00²

Kali
K alium chloran: um

3N20,2Sio³=1 83
Aciuuui ustas-oculor.
Kal! eduen-kann

N atrum
Kali

mum

11511 1511111511 15111151111511ἷ1511 1511 1511 1511115111 1511
11111 11111511 1511 1511115111 1511 1511 1511 15111511 151·
11111 1511115111 1111111551 15111511 15111 1511 1511 1111111111
1511 1511515111 15111 1511115111 1511 1511 1511 1511115111 151.
111111 1111111111 1511 1511 1511 1511 1511 1511 151115111511
1111111 111111 11155 1511111111 1511115111 1511 1511 1511 11511 15·
115111 1511 1511 1511 1511 1511 1511 1511 1511 111115111111
15111511 1511 1111 1111 1111 1511 1111 1111 1’1111’1111’11
11111 1511 1111 15111511115115511 1511 1511 15111511 1111
11111 1511 1511 15111151111111511 1511 1511 111111111111
111111· 1111 1511 15111151111511 1511 1511 1511 15111511 1511
«ml 1506 15111 1511-11518 1,·153“1,111 15111 1511 1511111511 1511
11111 1511 1511 15111511 15111511 1511 1111 15111111 1111
1511 1111 1511 1511 1511 1111111111 1111 1111 11111111 ι’1ι1
1511151511 1511 15111511 151111511 1511 1511 151115111511
11151 11131 11111 1511 1511 1511 1511 1511 1511 151115111511
15111, 15111511 15111511 1511 1511 1511 1511 15111511 1511
1115115111 111111 1151111511 1111111111 1111 1511 15111111 1111
1511151111511 1511 1511 1511 1511 1ἶ111 1511 111111’1111’111
1.711ἱ1,551’1,1111 1511 1511 15511511 1111 1511 1ζ1111ζ1111ζ111
1.11111,111111,111 1511 1511 15115511 1111 1511 151115111511
15ῑὶ 1151111111 11118 1511 15111511 1511 1511 15111511 151
15111511 1511 1511 1511 1511115111 1511 1511 15111511 1511
1511 1511 1511 1511 1511 11111111 1111 1511 11111111 1111
1511 1511115111 1511111511 1111111111 1111 1511 11111111 11111
111131111111511 15111511 1111111511 1511 1511 15111111 1511
111111 1511 1511 1511 1511 15111111 11111 1511 11111111 1111
151111 11111 1511 1511 11111 1111 ' 1111 1111 1111 1’1111’1111’111
15111511 1511 1111111511 1’11111’111 Ι1111 1111 1’1111’1111’111
1111151 111111 1511 11511 15111 1111111111 2'305 ι’111 1’1111’1111’111
1111111511 1511 1511115111 1ζ11111ζ111 1511 1511 1ζ1ο11ζ1111ζ111
1,11111’1,11111 1511 1511 1511 1,111“1,111 1511 1511 15111511 1511
1111111· 1113111511 11511 1111 11111111 1111 1111 11111111 1111
11,θ117”1,1111’·11111 111111 1511 1111111511 1111 1511 15111111 1111
1511151111511 1511 1511 151111111 1511 1511 1511 13111 1511
11111111153111111 1511 1511 1511115111 1511 1511 15111511 1511

111111151111511 15111511 1511115111 1511 1511 15111511151
11111 1111115111 1511111511 1511111511 1511 1511 1511-1511 1511
11111 15115511 1511 151111151111511 1511 1511 15111511 1511

1511 1511111511 1513 1511 1511115111 1511 1511 15111511 1511
11511 1511 1511 1511 1511115111Ι 1511 1511 1511 15111511 1,
111111 1511 1511 1511 · 1511111511 15111 1511 1511 15111 1511 151
11511 15115511 1511 1,111Ιι511.15111 1511 1511 15111511 151
11111 11111511 1511 1511 1511111511 1511 1511 15111111111
''‚⁸⁴}''¹‚T0⁸ 2‚15⁴·›!1‚0·22 15111 1511ξ 1511 15111 1511 15111511
Ι11111111 21111111115ῖι511 1511 1511 1511 1511 1511151111
11511 1511 15111151111511 1511115111 1,-111 1511 15111511 1511
15111511 1511 1511 1511115111 1511 1511 1511 15115511 151

 

