324 'rabulae x pars 000010.
0010001000. Fert. 001000. Magnos. 0000. Magnes. 001000. Natr. 00010. 100000

8
123

- anhy-dr-
711
Natrum
carbonic. anhydr.
Nao,co²——53

anhydra.
caO,SO³=68
Magnesia.
cat-boniet. crystan-
MgO, 00² -ff- ΒΗΘ
ul gne
sulmrio- crystau-

sulmrie- anhydr-
tr- ι- i t.
11⁸0.CO²¹ 4- 1 01:10

ξ Calcaria sulfurie-
Β ' a l.
0⁸0.SO⁸ 4- 2130—
i
cambonio- anhydr.
M30‚co²—-42

’ agnes-ia
s f ’
80‚SO³-{-

32-—

Εοὶἷεοθ -i- ‘zaga—3⁸39

0000 0000 0000 0000 0000 0000 0000 0000 0000 0000 00000
0000 0000 0000 0000 0000 0000 0000 0000 0000 00000001
0000 0000 0000 0000 0000 0000 0000 0000 0000 0000 00000
0000 0000 0000 0000 0000 0000 0000 0000 0000 0000 00000
0000 0000 0000 0000 0000 0000 0000 0000 0000 0000 00000
0000 0000 0000 0000 0000 0000 0000 0000 0000 0000 0000Ι
0000 0000 0000 0000 0000 0000 0000 0000 0000 0000 0000
0000 0000 0000 0000 0000 0000 0000 0000 0000 0000 00001
0000 0000 0000 0000 0000 0000 0000 0000 0000 0000 0000
0000 0000 0000 0000 0000 0000 0000 0000 0000 0000 0000,
0000 0000 0000 0000 0000 0000 0000 0000 0000 0000 0000
0000 0000 0000 0000 0000 0000 0000 0000 0000 03500000
0000 0000 0000 0000 0000 0000 0000 0000 0000 0000 0000
0000 0000 0000 0000 0000 0000 0000 0000 0000 0000 000
0000 0000 0000 0000 0000 0000 0000 0000 0000 0000 000
0000 0000 0000 0000 Ι 0000 0000 0000 0000 0000 0000 000
0000 0000 0000 0000000000 0000 0000 0000 0000 0000 030
0000 0000 0000 0000 00000 0000010000 0000 0000 0000 000
0000 0000 0000 000000000 0000000000 000000000 0000 000
0000 0000 0000 00000000 0οιοο0000 0000100000 0000 0οξ
0000 0000 0000000000000 000000000 0000 , 0000 0400 ,000
0000 0000 0000 0000 0 0000 0000 0000 0000 ,0000 0000 004
0000 0000 0000 00000000 0000 0000 00000000 0000 0οῡ
0000 0000 0000 0000100000 0000 0000 , ὦ , , :q
0000 0000 0000 00000000 0000010000 Ι0000 0000000
0000 0000 0000 0000000οτ 0000 0000000000οτ 00000000
0000 0000 ’0000 ¹‘⁶²⁹!⁰’⁴⁶² 0000 0000οῘ0000 00000 0000 000
0000 000οι0000 0000 .· 0000 0000 00000000 00000 0000000
0’000 00000 1000000000 0600 ’0000
0000 00000
0000 0000Ι ¹ Ι ι
0000 0000 ¹! 0000 0000000000οι 0000 00000000 0000 0000
0000 0000 00οι 00000·0000’000000000 000οε0000 000000οιΙ
0000 0000 0000 0000000οι 0000 0000 0000000000 0000000οι

0000 000000οτ0 0000 0000

0000 0000 0 0000 0000010000 0000000000 0000 0000

00000 0000 ΙΙ 0000 0000 0000 0000 0000 0000 0000

0000 000οΙ 0000 00000οζ0000 0οι0 0000 00000000 10000000
0000 0000 0000 0000 Ι, 0000 00000 0000 00000000 1000000οε
0000 0000 0000 000οῑ0000 0000000000 0000 0 0000 law 0000
0000 0000 0000 0000 0 0000 0000 i; 0000 0000 0000 1030000000
οζ000 0000 0000 00000000 0000000000 0000 00000 0000100000
0000 0000 0000 0000 ,e 0000 0000 0000 0000000000 0000 0000
0000 0000 0000 0000 0 0000 0000 0000 000οῙ0000 0000 0000
0000 0000 0000 000000000 0000 0000 0000 0000 0000 0007
0000 0000 0000 000000000 00004 0000 0000 00000 0000 0004
0000 0000 0000 0000 0 0000 0000 0000 0000 0000 0000 0000
0000 0000 0000 0000 0 0000 0000, 0000 00000000 0000 00090
0000 0000 0000 0000 Ι0000 0000 0000 0000 0000 0000 0000
0000 0000 0000 0000010000 000οΙ 0000 0000 0000 0000 0003

 

