10⁷

333313 33333331 ,3

comparativa, indicans Prooentum
Imm 3111333311 .-.·. mc!
33 solutionibus aquosis 33333333 333333 designati.
Temperatus 1131 (1.

hut. 4 Ρ31111 1333334. Pond. Proeent Pond. Procent Pond.
1131 113331 1333 aneo. 1331 33. 3331 ’333

33 3333 33 3333 33 3333
1313 333 1313 333 1333 333 3333
1333 33 3313 33 3333 11 3333
3333 333 1313 333 1333 133 3333

3333 33 1333 33 1333· 33 3333
3333 333 3333 313 1333 , 33 1333
3333 33 3331 33 1331 3 3331
1333 333 3333 333 3333 33 1333
3333 33 3333 33 3333 3 3333
3333 313 3331 133 3313 33 1333
1333 33 1333 33 3313 3 ,3333
1333 333 3333 333 3333ζ 33 3333
3333 33 3333 33 1333 3 3333
1333 333 3333 333 3333 33 3333
3333 33 1333 33 3333 3 3333
3333 333 3333 333 3333 33 3333
33331 33 3333 33 3333 3 3333
33331 333 3333 133 3333· 33 3333
3333 33 1331 33 33331 3 3333
3333, 133 33 3333

, ι3333 333

3333 33 3333 33 3

113 1335 113 13131 133 ι
11 1331 2⁵ 1348 13 13114 Ι 1 13105
333 1333 333 3333 133 1 3331 33 1 3333
Mu maneum solutionum 3313131133· 33333333311333311333(;113,13331313333
nugetur calore 31333113 gradibus (=1⁰c.) deminuto, continentium

1111131133311 413 ad 48 Ρ3333311. circiter 0,00035
31 n 30 “ 44 33 ’ 33 030003
,, 3 111 - 211 ,, „ 0‚00o25
,‚ „ δ - 14 „ „ 0‚000·2

3333
33 3333

 

