50

caleat-la

bicarbonnlea

calearia
bi ean-bonnea
CaO‚2CO ²=7 2
Calcaria carboniea
caO,co ²—

0000 0000 0000
0000 0000 0000
0000 0000 0000
0000 0004 0000
0000 0005 0000
0000 0005 0000
0000 0000 0003
0000 0000 0004
0004 0000 0005
0005 0000 0000

qqoacq 2-——7 2

Tabulae xl pars alten„

72

Calcaria carbonioa
CaO,CO 2——50 —
caleam-ta
bicarboq-nea

0040 0000
0044 0000
0045 0040
0045 0040
0040 0040
0040 0040
0440 0044
0040 0045
0040 0040
0050 0040

0000 0000 0000 0 0050 0040

0000 0000 0000

(0151 0349

0000 0000 0000 0 0050 0050

0000 0000 0000
0000 0000 0000
0000 0000 0000
0000 0000 0000
0000 0004 0004
0004 0004 0005
0005 0005 0000
0000 0000 0000
0000 0000 0000
0000 0000 0000
0000 0000 0000
0000 0000 0000
0000 0000 0000
0000 0040 0000
0000 0040 0004
0004 0000 0005
0000 0040 0000
000οὗ 0040 0000

0050 0050
0050 0050
0054 0050
0054 0050
0055 0055
0050 0000
0050 0050
0050 0050
0050 0000
0050 0000
0050 0000
0000 0000
0000 0000
0000 0004
0000 0000
0000 0000
0000. 0000
0000 0 0000

oaO,20—q ²=—-

cao,co 2Ξ-5ο
catena-la
blena-bonico*

calcaria carboniea

0055 0000
0000 0000
0000 0000
0000 0000
0000 0000
0000 0004
0000 0000
0000 0000
0000 0000
0000 0000
0000 0000
0000 0000
0000 0000
0000 0000
0004 0000
0005 0004
0000 0005

’0,Πὸ 0286

0000 0000
0000 0000
0000 0000
0000 0000
0000 0000
0000 0000
0000 0000
0000 0000
0000 0005
0000 0000
0004 0000
0005 0000
0005 0000

cao‚200 2-—-72

calearia. carbonioa
080, CO ²= 5 0

0000
0000
0000
0000
0000
0000·
0000
0000
0000
0000
0000
0004
0005
0000
0000
0000

cao‚2co-²7=·12

0000 r
0400
0500
0000
0000
0000
0000
0000
0000
0000
0000
0000
0000
0000
0000
0000

0000 0000 ·
0000 0000

0000 000ος
0000 000ος
0000. 0000 1

Ι

0000
0000 μ
0000
0004
0004
0005
0000
0000
0000
0000

05,οο ¹
0000.1
0000 *¹
0000 1
0000 ,
mo 0

0

 

